Tempo	DP1	DP2	DP3	DP4	DP5
0	2,43002352	2,2931073	8,00912	5,7016506	8,028269
0,02	3,3032232	4,5144053	7,2335806	5,8165455	14,060242
0,04	3,78578112	15,123018	7,2527294	6,391019	11,953838
0,06	3,8087604	18,55071	11,331492	7,042089	11,321918
0,08	3,8317392	4,7441945	17,114527	7,616563	14,491097
0,1	2,76321804	7,2144313	8,1623125	8,784659	9,828286
0,12	1,43043936	4,3133397	7,02294	10,412334	8,382527
0,14	1,32703416	5,672927	9,091045	10,19212	9,512326
0,16	1,22362872	12,422992	9,531475	9,349558	10,29744
0,18	1,372992	9,301685	9,5219	8,937852	9,665519
0,2	1,14320256	7,156984	9,8953085	9,41658	9,20594
0,22	0,97086048	11,025106	9,129343	8,909128	10,555953
0,24	0,718092	10,479357	9,110194	6,8888965	8,497422
0,26	-0,132128933	7,875076	9,5219	6,256975	7,9708214
0,28	-1,35001296	8,430401	9,64637	6,2282515	9,799562
0,3	-1,097244648	9,6942425	9,703817	5,845269	9,98148
0,32	0,143618412	9,158067	9,435729	5,9697385	9,924032
0,34	1,51086564	8,861256	9,579348	8,842107	8,889979
0,36	0,936391992	9,454879	9,636795	10,967659	8,957002
0,38	-0,08617104	8,957002	9,397431	13,99322	9,31126
0,4	-2,18874444	9,091045	9,349558	10,776168	9,493176
0,42	-0,62617632	8,861256	9,272962	11,858093	9,502751
0,44	2,82066564	8,889979	9,196365	10,584677	9,225089
0,46	3,10790232	9,272962	9,148493	9,119769	9,177217
0,48	0,315960504	9,253813	9,071896	9,301685	9,5889225
0,5	-0,913413048	9,014449	9,215514	10,986808	9,493176
0,52	-0,95937096	9,148493	9,368708	8,784659	9,2825365
0,54	-0,82149732	9,148493	9,3878565	9,531475	8,957002
0,56	-2,17725504	9,043172	9,3878565	9,742115	9,004874
0,58	-3,02747616	9,148493	9,158067	9,062322	9,31126
0,6	-1,63724988	9,004874	9,119769	9,483603	8,957002
0,62	0,476813112	9,349558	9,253813	9,54105	9,062322
0,64	1,097244648	9,722966	9,320834	9,301685	9,655944
0,66	-0,68362362	9,2825365	9,359133	9,253813	10,163396
0,68	-2,20023396	9,435729	9,253813	9,359133	11,025106
0,7	-1,71767616	9,675094	10,220843	9,493176	11,59958
0,72	-0,143618412	10,326163	10,211268	9,54105	13,6676855
0,74	0,453834168	12,576185	9,54105	9,474028	14,012369
0,76	-0,62617632	14,242159	9,799562	9,052747	14,088965
0,78	-1,60278144	14,577269	9,20594	9,2825365	15,659194
0,8	-1,097244648	15,228338	9,5889225	9,253813	15,228338
0,82	-1,14320256	15,218764	9,550624	9,052747	14,787909
0,84	-1,51086564	16,587927	9,177217	9,033598	13,188957
0,86	-0,947881512	17,085804	9,18679	9,177217	9,043172
0,88	-0,35042892	15,84111	8,985725	9,119769	9,474028
0,9	-0,384897312	12,633633	8,200611	9,158067	8,736787
0,92	-1,14320256	9,770839	7,204857	9,004874	6,7931504
0,94	-1,61427084	2,4367256	6,668681	9,043172	6,1995277
0,96	-1,085755128	7,788905	7,501668	8,985725	7,12826
0,98	-0,396386796	11,005958	7,549541	9,024023	6,764427
1	-0,534260484	5,366541	7,9420977	9,062322	4,543129
1,02	-0,7985184	2,2260852	8,55487	9,196365	3,6143966
1,04	-0,69511308	2,6186423	8,334655	9,330409	5,1367517
1,06	-0,534260484	5,5771813	8,382527	9,31126	6,323997
1,08	-0,8100078	4,610151	8,258059	9,2825365	6,515488
1,1	-1,39597092	2,9824755	7,0803876	9,349558	5,49101
1,12	-1,68320772	3,7388659	6,745278	9,378282	5,5963306
1,14	-1,40746032	4,83994	6,9942164	9,665519	6,8122997
1,16	-0,522771	5,3378177	6,5825105	10,29744	6,9463434
1,18	0,68362362	5,873993	11,542132	10,488931	7,6069884
1,2	0,855965712	7,7123084	15,295361	11,417664	9,359133
1,22	0,49979208	9,713391	17,124102	12,767676	11,254896
1,24	1,36150248	9,914457	15,170891	13,571939	11,657027
1,26	2,0393814	8,181462	14,529395	13,859177	8,593168
1,28	1,46490768	6,3814445	10,852764	13,619812	8,018694
1,3	-0,51128154	4,8782387	8,229335	14,184711	6,3527207
1,32	-3,14237076	3,1835413	6,8122997	11,05383	6,113357
1,34	-3,6249288	8,363379	8,104865	8,334655	5,7208
1,36	-2,2347024	19,603912	9,818711	7,549541	6,6495323
1,38	-1,15469196	9,828286	10,488931	5,376116	13,916624
1,4	-0,557239404	7,5782647	8,66019	6,065484	17,306019
1,42	-0,82149732	6,5537868	8,765511	6,7261286	9,636795
1,44	-0,764049912	4,5622783	9,665519	7,0133657	15,716641
1,46	0,005744736	9,598496	9,368708	5,759098	9,368708
1,48	0,97086048	10,958084	9,167642	4,993133	11,36979
1,5	1,52235516	8,372953	9,119769	4,466532	6,6208086
1,52	0,8100078	9,263388	9,024023	5,0601554	7,664436
1,54	0,63766572	9,320834	9,5889225	5,49101	11,848518
1,56	0,7066026	8,765511	9,732541	5,3186684	9,837861
1,58	1,23511836	9,119769	9,665519	5,2420716	9,004874
1,6	2,65981296	9,110194	9,196365	5,6250544	10,546378
1,62	3,6249288	9,033598	9,263388	6,592085	7,46337
1,64	4,08450732	9,18679	9,301685	7,3867736	8,545295
1,66	3,9466338	9,378282	9,177217	7,9420977	9,560199
1,68	2,75172876	9,043172	9,158067	9,665519	10,19212
1,7	2,0508708	9,004874	9,119769	10,833615	9,837861
1,72	0,82149732	8,813383	9,253813	9,847435	8,822957
1,74	-0,074681573	8,755936	9,904882	10,000628	8,746361
1,76	0,59170782	8,918703	9,924032	10,182545	9,407005
1,78	1,63724988	8,899554	9,713391	9,167642	9,301685
1,8	0,72958152	8,985725	9,54105	7,6069884	9,349558
1,82	-0,82149732	9,119769	9,560199	6,745278	9,158067
1,84	-1,372992	9,014449	9,732541	6,017611	9,071896
1,86	-0,78702888	9,148493	9,54105	5,519734	8,870831
1,88	0,338939448	9,0814705	9,330409	6,5729356	8,9761505
1,9	2,16576564	9,024023	9,608071	5,634629	9,119769
1,92	4,84281288	9,138918	9,3878565	12,509163	9,18679
1,94	0,6146868	9,244238	9,177217	13,390023	9,29211
1,96	-1,372992	9,454879	8,909128	9,6942425	9,397431
1,98	-0,29298156	9,330409	8,459125	12,001712	9,560199
2	-0,98234988	9,359133	8,028269	10,383611	9,828286
2,02	0,361918404	11,226172	8,191036	10,460207	10,019777
2,04	2,1312972	13,734707	7,5974135	8,4686985	9,885734
2,06	1,57980252	14,395351	7,9037995	9,64637	10,220843
2,08	-2,0393814	14,902803	8,861256	9,598496	10,517654
2,1	-4,63600212	15,295361	8,286782	9,215514	11,05383
2,12	-3,61343904	14,787909	7,788905	9,158067	13,093211
2,14	-0,844476204	14,146413	7,1665583	9,493176	14,43365
2,16	1,26958668	15,592172	7,6069884	9,3878565	16,166645
2,18	0,384897312	14,0793915	8,21976	9,464453	16,607075
2,2	-1,36150248	11,925115	9,914457	9,253813	15,467703
2,22	-1,90150764	7,9899707	10,575102	9,483603	13,99322
2,24	-1,028307792	0,023936402	18,378368	9,502751	10,622974
2,26	-0,005744736	5,2420716	14,87408	9,598496	9,272962
2,28	-0,212555244	7,2623043	4,926111	9,263388	9,033598
2,3	-1,26958668	3,825037	7,808054	9,349558	7,56869
2,32	-1,63724988	0,4835153	9,713391	9,110194	6,2665496
2,34	-1,36150248	1,6803354	9,234664	9,20594	6,3527207
2,36	-1,46490768	3,451629	9,320834	9,0814705	4,4186597
2,38	-1,63724988	2,752686	10,077225	9,071896	3,193116
2,4	-1,07426568	2,475024	8,928278	9,091045	4,3133397
2,42	-0,66064464	2,7622607	8,870831	9,119769	4,351638
2,44	-0,522771	3,078221	9,569773	9,20594	4,2271686
2,46	-0,8100078	3,231414	9,560199	9,18679	5,194199
2,48	-0,98234988	2,7718353	9,263388	9,3878565	6,37187
2,5	-0,557239404	5,452712	9,2825365	9,18679	6,8601727
2,52	-0,62617632	8,55487	9,167642	9,330409	7,4729443
2,54	-0,7066026	6,9559183	9,54105	9,359133	9,091045
2,56	-0,7985184	4,4186597	9,5889225	9,100619	10,249567
2,58	-1,46490768	5,8548436	9,3878565	9,177217	10,833615
2,6	-1,48788672	2,7814097	9,244238	9,531475	11,915541
2,62	-0,534260484	2,733537	9,301685	9,703817	10,019777
2,64	-0,672134112	19,192207	9,435729	10,000628	5,5484576
2,66	-0,338939448	10,010203	9,330409	10,2016945	4,351638
2,68	1,39597092	0,91437054	9,339984	11,254896	5,529309
2,7	1,67171832	9,866585	9,493176	12,432567	5,021857
2,72	0,35042892	9,866585	9,445304	14,816632	8,506997
2,74	0,166597344	9,234664	9,397431	16,233667	19,546465
2,76	0,453834168	8,277207	9,550624	15,783663	9,29211
2,78	-1,77512352	9,675094	9,62722	11,944264	11,800646
2,8	-2,72874984	9,301685	9,569773	7,0612383	11,695326
2,82	-2,30363916	9,8953085	9,320834	6,9463434	11,226172
2,84	-2,75172876	9,339984	9,493176	5,452712	8,430401
2,86	0,46532364	9,225089	9,809137	5,28037	7,4920936
2,88	-0,476813112	9,129343	10,058076	5,845269	11,025106
2,9	-0,764049912	8,9761505	9,675094	6,8601727	10,814466
2,92	0,97086048	9,052747	9,608071	5,605905	8,899554
2,94	2,37257604	8,880404	9,713391	4,466532	9,742115
2,96	2,6942814	8,880404	10,058076	4,5335546	8,822957
2,98	1,69469724	8,708063	9,64637	5,0984535	8,602742
3	2,02789188	8,832532	9,024023	5,5484576	9,684668
3,02	2,40704436	8,928278	8,861256	5,49101	10,029352
3,04	2,56789716	8,813383	8,392102	5,797396	9,225089
3,06	3,22279704	8,631466	8,4686985	6,065484	8,909128
3,08	3,15386004	8,621892	8,593168	6,3814445	9,138918
3,1	2,809176	8,717637	8,593168	7,176133	9,253813
3,12	2,3381076	8,889979	8,803808	7,855927	9,215514
3,14	1,39597092	9,272962	8,650616	8,708063	8,9761505
3,16	1,23511836	9,263388	12,049584	9,866585	9,129343
3,18	1,26958668	9,29211	6,5729356	10,077225	9,177217
3,2	0,86745516	9,100619	5,672927	10,048501	9,052747
3,22	0,741070956	8,995299	12,279374	10,000628	9,100619
3,24	1,89001824	9,0814705	10,2016945	8,803808	8,985725
3,26	1,56831288	9,368708	8,535721	7,5782647	9,043172
3,28	-0,08617104	12,269799	9,675094	6,7069798	9,378282
3,3	-1,51086564	14,625141	9,196365	5,806971	9,464453
3,32	-1,03979724	14,53897	9,2825365	6,323997	9,5219
3,34	-0,672134112	15,08472	9,091045	5,634629	9,043172
3,36	1,64873928	16,003878	9,177217	5,481436	9,263388
3,38	3,5559918	15,381532	9,5889225	15,707067	9,675094
3,4	-0,764049912	14,232584	9,378282	12,059159	10,019777
3,42	-0,384897312	12,719804	9,29211	9,732541	10,517654
3,44	0,8100078	11,532558	9,550624	11,140001	11,149575
3,46	1,05128676	10,450633	9,464453	11,446387	13,102786
3,48	-0,29298156	5,950589	9,397431	8,5740185	13,23683
3,5	0,924902556	-0,09095833	9,359133	9,129343	12,56661
3,52	-0,59170782	0,6750065	9,464453	9,799562	14,155988
3,54	-2,39555496	4,4856815	9,2825365	9,330409	13,782579
3,56	-3,23428656	5,845269	9,301685	9,397431	14,0793915
3,58	-2,2347024	3,9399316	9,531475	9,531475	11,905966
3,6	-0,46532364	3,193116	9,464453	9,339984	6,8888965
3,62	0,453834168	4,763344	9,3878565	9,54105	7,195282
3,64	-1,06277616	5,3569665	9,301685	9,234664	7,9133744
3,66	-1,90150764	4,0548263	9,18679	9,234664	6,8888965
3,68	-1,25809716	4,0069537	9,167642	9,761265	5,960164
3,7	-0,51128154	4,169721	9,435729	9,531475	6,639958
3,72	-0,017234209	3,4803526	9,18679	9,339984	6,1899533
3,74	-0,304471032	3,5378	9,158067	9,3878565	5,9697385
3,76	-1,763634	4,658024	9,263388	9,301685	5,1367517
3,78	-2,20023396	5,653778	9,196365	9,129343	5,0314317
3,8	-1,35001296	7,35805	9,770839	9,100619	6,9080453
3,82	-1,25809716	10,517654	9,876159	9,0814705	7,1186857
3,84	-1,43043936	9,770839	10,259142	9,091045	6,8027253
3,86	-0,8100078	3,2218397	11,992137	9,062322	7,999545
3,88	-0,476813112	5,1176023	15,065571	9,004874	9,100619
3,9	-1,085755128	2,5228968	14,9985485	9,100619	10,058076
3,92	-1,05128676	3,911208	15,371957	9,339984	11,49426
3,94	-0,270002604	19,603912	13,964497	9,493176	8,200611
3,96	-0,25851312	12,078308	11,609155	9,129343	6,831449
3,98	-0,522771	0,34947145	8,995299	9,234664	7,9899707
4	-0,718092	5,82612	8,1623125	9,196365	4,4473834
4,02	-0,764049912	9,885734	6,8410234	9,033598	4,926111
4,04	-0,98234988	8,200611	6,563361	8,9761505	5,5963306
4,06	-1,47639732	8,918703	7,003791	9,31126	13,428321
4,08	-1,57980252	9,129343	7,051664	9,330409	16,377285
4,1	-0,75256044	8,7750845	7,616563	9,330409	8,708063
4,12	0,097660518	9,617646	8,018694	9,502751	9,943181
4,14	0,327449976	10,19212	8,698488	9,991054	12,576185
4,16	0,63766572	9,2825365	9,75169	10,737869	9,225089
4,18	0,488302584	8,5740185	9,742115	11,944264	6,984642
4,2	0,074681573	8,526146	9,598496	13,035764	11,082554
4,22	1,80959184	8,688913	10,010203	13,0549135	9,5889225
4,24	2,74023912	8,842107	9,96233	13,648536	8,34423
4,26	0,741070956	8,909128	9,474028	14,127264	10,0868
4,28	-2,95853916	8,889979	8,746361	11,551707	8,583593
4,3	-3,8776968	9,062322	7,5782647	9,483603	8,822957
4,32	-3,22279704	8,641041	6,8888965	8,803808	9,5219
4,34	-2,34959712	8,985725	6,017611	5,950589	9,971905
4,36	-0,832986756	8,870831	7,02294	4,4090853	9,598496
4,38	0,947881512	8,641041	10,498506	5,1176023	8,650616
4,4	-0,120639456	8,889979	15,410255	7,195282	9,052747
4,42	0,384897312	8,842107	13,284702	6,8793216	9,330409
4,44	0,77553942	8,679339	6,113357	4,3803616	8,995299
4,46	2,61385488	8,641041	8,382527	4,2463174	8,861256
4,48	1,98193404	8,679339	10,555953	4,8782387	9,043172
4,5	1,89001824	8,439975	10,029352	5,041006	9,253813
4,52	2,47598136	8,191036	9,780414	4,619725	9,052747
4,54	2,18874444	8,248484	9,885734	4,993133	9,100619
4,56	2,54491824	8,506997	9,569773	5,6250544	9,043172
4,58	2,6942814	9,8953085	9,809137	5,8835673	8,679339
4,6	1,90150764	11,522984	9,799562	6,438892	8,842107
4,62	2,2461918	9,5889225	9,655944	6,9176197	9,100619
4,64	2,98151808	8,133589	9,349558	8,34423	8,995299
4,66	3,03896544	9,215514	9,368708	9,96233	9,129343
4,68	1,05128676	9,397431	9,445304	9,397431	9,0814705
4,7	-0,9019236	9,378282	9,512326	9,31126	9,167642
4,72	-0,327449976	9,435729	9,407005	10,125097	9,713391
4,74	1,9474656	8,870831	9,349558	9,024023	9,608071
4,76	2,9125812	9,263388	9,5889225	7,654861	9,5219
4,78	1,120223592	10,364462	9,502751	6,9176197	10,776168
4,8	-0,741070956	11,312344	9,474028	6,391019	13,648536
4,82	-0,832986756	12,030436	9,569773	6,2091026	15,429404
4,84	-0,384897312	12,394268	9,474028	5,692076	14,242159
4,86	0,924902556	11,666602	9,339984	7,0612383	16,05175
4,88	3,464076	11,130426	9,0814705	9,713391	16,93261
4,9	3,03896544	10,010203	9,033598	12,968742	15,821961
4,92	-0,35042892	8,32508	9,18679	11,216598	11,666602
4,94	-0,361918404	6,975067	9,272962	11,465536	8,4686985
4,96	-0,855965712	5,309094	9,138918	11,379365	7,846352
4,98	0,327449976	3,3175852	9,18679	9,742115	4,926111
5	1,90150764	5,653778	9,18679	9,531475	3,0973704
5,02	1,90150764	8,947427	9,0814705	9,033598	3,8154624
5,04	-0,46532364	6,668681	9,119769	9,780414	3,604822
5,06	-2,76321804	5,2037735	9,378282	9,569773	3,0494976
5,08	-3,7628022	6,486765	9,474028	9,253813	1,5558661
5,1	-2,6253444	6,37187	9,158067	9,31126	1,4218222
5,12	-0,66064464	5,873993	9,091045	9,215514	3,020774
5,14	1,35001296	6,4293175	9,215514	9,426155	3,384607
5,16	0,936391992	6,5059137	9,349558	9,320834	3,3558834
5,18	-1,30405512	6,0750585	9,512326	9,407005	4,1792955
5,2	-1,9474656	6,3431463	8,985725	9,608071	4,648449
5,22	-1,120223592	6,7548523	8,985725	9,378282	4,6675982
5,24	-0,155107872	6,6495323	9,129343	9,426155	5,481436
5,26	0,017234209	6,2952733	9,062322	9,493176	6,218677
5,28	-0,69511308	6,2282515	10,2016945	9,339984	6,4293175
5,3	-0,97086048	6,8410234	12,6527815	9,426155	7,2910275
5,32	-1,005328848	6,5537868	14,43365	9,378282	9,397431
5,34	-1,46490768	5,8931417	13,868751	9,18679	11,618729
5,36	-1,48788672	5,950589	14,941102	9,033598	10,06765
5,38	-1,2810762	5,8548436	16,137922	9,0814705	6,975067
5,4	-1,33852356	5,452712	15,582597	9,339984	8,305931
5,42	-1,22362872	5,6154795	12,231501	9,41658	7,12826
5,44	-1,13171304	5,7782474	11,436812	9,703817	6,1420803
5,46	-0,78702888	5,9027166	10,038927	10,6134	8,966576
5,48	-0,60319734	6,6208086	8,32508	11,522984	14,20386
5,5	-0,49979208	10,795317	6,8122997	11,685751	12,413418
5,52	-0,166597344	19,603912	5,49101	13,332576	8,650616
5,54	-0,304471032	7,176133	3,8920588	14,66344	11,695326
5,56	-0,120639456	1,383524	5,146326	15,276211	10,862339
5,58	-0,074681573	10,460207	4,6771727	13,725132	9,31126
5,6	-0,35042892	8,229335	4,9069624	9,234664	9,29211
5,62	-0,95937096	7,0133657	5,5771813	6,1229315	9,847435
5,64	0,396386796	10,249567	6,4293175	4,2558923	9,598496
5,66	0,60319734	8,928278	7,137835	4,2463174	9,445304
5,68	-1,59129192	8,143164	7,616563	5,5771813	9,397431
5,7	-3,7628022	9,770839	8,353804	5,8931417	9,41658
5,72	-2,47598136	10,565528	9,071896	4,5239797	9,818711
5,74	0,304471032	9,004874	9,809137	5,108028	9,837861
5,76	2,36108664	8,200611	10,833615	5,960164	9,445304
5,78	3,42960744	9,18679	11,302769	6,3814445	9,20594
5,8	2,02789188	9,378282	11,542132	6,47719	9,474028
5,82	0,063192096	9,119769	11,1208515	6,7069798	9,512326
5,84	-1,120223592	9,18679	10,421909	6,9463434	9,100619
5,86	-0,936391992	9,196365	10,153821	6,9080453	9,320834
5,88	-0,212555244	9,263388	10,134672	7,1091113	9,818711
5,9	0,212555244	8,899554	9,98148	6,9559183	9,454879
5,92	-0,051702628	8,851681	9,493176	7,0325146	9,167642
5,94	-0,028723682	8,851681	9,569773	8,076141	8,784659
5,96	0,72958152	9,110194	9,493176	7,9133744	9,272962
5,98	1,22362872	9,062322	9,043172	7,329326	9,167642
6	0,235534176	8,746361	8,822957	6,3814445	9,454879
6,02	0,247023648	8,822957	8,794233	6,0846334	9,301685
6,04	2,37257604	8,784659	8,44955	7,0133657	9,397431
6,06	3,95812344	8,755936	8,363379	6,544212	9,924032
6,08	2,418534	8,717637	8,4686985	12,116607	9,225089
6,1	-1,92448668	9,024023	8,248484	10,2016945	8,765511
6,12	-2,9125812	9,014449	7,5974135	10,29744	10,230418
6,14	-0,442344684	9,043172	8,00912	9,655944	9,531475
6,16	1,49937612	8,947427	9,493176	9,148493	10,316589
6,18	2,90109192	9,196365	11,59958	9,703817	10,441058
6,2	0,58021836	9,339984	13,868751	9,167642	12,834699
6,22	-0,224044728	9,703817	15,142167	9,100619	14,462374
6,24	0,040213152	9,129343	7,1665583	9,196365	13,323001
6,26	-0,672134112	8,794233	7,12826	9,349558	11,666602
6,28	-1,372992	8,794233	10,096374	9,426155	10,469782
6,3	-0,97086048	9,129343	9,608071	9,2825365	7,846352
6,32	-0,051702628	9,474028	10,182545	9,3878565	5,481436
6,34	0,120639456	10,115523	10,239992	9,41658	4,868664
6,36	-0,281492076	11,867668	9,426155	9,196365	5,950589
6,38	-0,476813112	12,978316	9,18679	9,167642	6,486765
6,4	0,08617104	13,428321	9,904882	9,167642	5,787822
6,42	0,028723682	13,830453	9,62722	9,177217	4,3995104
6,44	-0,855965712	14,385777	9,330409	9,330409	5,6250544
6,46	-1,23511836	14,596417	9,3878565	9,349558	7,741032
6,48	-0,7985184	14,74961	9,713391	9,167642	7,56869
6,5	-0,132128933	15,668768	9,722966	9,167642	6,745278
6,52	-0,178086828	14,845356	9,359133	9,177217	8,229335
6,54	-0,534260484	12,46129	9,272962	9,20594	7,7123084
6,56	-0,4308552	10,2016945	9,234664	9,043172	6,0750585
6,58	-0,37340784	2,6569405	9,253813	8,918703	7,310177
6,6	-0,315960504	2,3314054	9,071896	8,861256	10,689997
6,62	-0,017234209	8,181462	9,062322	9,148493	9,828286
6,64	0,270002604	7,635712	9,320834	9,091045	8,947427
6,66	0,178086828	3,2697124	8,889979	9,110194	7,3006024
6,68	-0,235534176	2,4463003	9,263388	9,024023	7,0325146
6,7	-0,7066026	5,835695	9,091045	8,870831	8,851681
6,72	-0,442344684	5,653778	9,215514	9,014449	10,259142
6,74	0	4,6867476	9,234664	9,158067	7,855927
6,76	0,120639456	5,0601554	9,071896	9,464453	9,301685
6,78	0,37340784	5,682502	9,18679	9,608071	11,398514
6,8	0,844476204	5,7782474	9,31126	9,3878565	10,220843
6,82	0,51128154	5,38569	9,215514	9,512326	9,320834
6,84	0,247023648	5,835695	9,043172	9,761265	10,029352
6,86	0,304471032	7,1091113	9,29211	10,048501	8,688913
6,88	0,270002604	7,348475	9,3878565	10,0868	9,033598
6,9	0,109149996	7,281453	9,493176	10,335738	9,3878565
6,92	-0,120639456	7,482519	9,579348	10,450633	9,320834
6,94	-0,143618412	7,1665583	10,94851	10,594251	9,071896
6,96	-0,017234209	6,323997	13,064487	10,699572	9,18679
6,98	-0,86745516	5,998462	15,161317	10,029352	9,215514
7	-0,66064464	5,6154795	13,8879	9,138918	8,526146
7,02	0,9019236	6,438892	13,217681	8,688913	9,20594
7,04	1,120223592	17,583681	14,711312	7,9803963	9,100619
7,06	0,49979208	14,242159	16,674097	7,549541	9,18679
7,08	-0,315960504	8,143164	16,128347	7,654861	9,502751
7,1	-1,085755128	7,2718787	14,634716	7,482519	9,148493
7,12	-1,44192876	3,9590807	12,700654	6,7261286	9,014449
7,14	-2,76321804	7,664436	8,861256	6,850598	9,033598
7,16	-5,70452328	12,116607	7,156984	7,4059224	9,512326
7,18	-6,1870812	9,062322	6,017611	7,482519	9,119769
7,2	-1,63724988	8,248484	5,2420716	7,2144313	8,947427
7,22	3,5789706	10,642124	4,284616	8,229335	9,64637
7,24	5,6355864	9,991054	4,2271686	8,5740185	9,225089
7,26	3,0849234	9,301685	4,782493	7,5591154	9,234664
7,28	0,005744736	8,392102	5,519734	8,7750845	9,129343
7,3	-1,49937612	8,803808	6,984642	9,158067	8,985725
7,32	-1,51086564	9,349558	7,7506065	8,076141	9,177217
7,34	-0,545749968	8,880404	8,085716	7,922949	8,928278
7,36	1,05128676	8,985725	9,004874	8,047418	8,918703
7,38	2,40704436	9,100619	10,632549	8,210186	8,937852
7,4	3,1768392	9,004874	11,312344	8,5740185	9,071896
7,42	3,0159864	8,861256	12,087883	8,937852	9,349558
7,44	2,75172876	8,995299	12,384694	9,167642	9,138918
7,46	2,43002352	8,928278	11,915541	9,3878565	8,995299
7,48	1,763634	8,947427	10,40276	9,119769	9,0814705
7,5	1,40746032	8,985725	10,393186	7,769756	8,957002
7,52	2,3381076	8,870831	9,560199	7,7506065	8,851681
7,54	4,0385496	9,043172	7,5974135	7,9803963	8,947427
7,56	4,1994024	9,148493	7,664436	6,9080453	9,138918
7,58	2,71726032	9,138918	7,089962	6,132506	9,20594
7,6	0,718092	9,225089	6,6878304	5,634629	8,947427
7,62	0,37340784	9,54105	7,3197513	5,7303743	9,119769
7,64	1,62576036	9,493176	9,665519	6,2952733	9,004874
7,66	2,34959712	9,64637	14,155988	5,912291	9,18679
7,68	3,61343904	9,253813	15,209189	10,000628	9,215514
7,7	0,832986756	9,177217	8,918703	14,462374	9,5889225
7,72	-2,29214976	9,29211	7,2144313	10,862339	9,493176
7,74	-2,25768144	10,441058	10,986808	11,522984	9,713391
7,76	1,8555498	12,269799	10,527229	9,31126	10,632549
7,78	4,00408116	12,834699	9,75169	8,286782	12,288948
7,8	1,62576036	13,8879	9,742115	10,105948	12,0400095
7,82	-0,924902556	14,74961	9,770839	9,933606	11,207023
7,84	-1,14320256	14,988975	10,019777	9,320834	12,001712
7,86	-0,832986756	14,002794	9,608071	9,445304	13,275128
7,88	-1,39597092	14,692163	9,091045	9,569773	13,600663
7,9	-1,30405512	14,299606	9,225089	9,272962	12,403843
7,92	-0,109149996	13,734707	9,54105	9,349558	12,719804
7,94	0,63766572	12,69108	9,464453	9,320834	11,886817
7,96	-0,60319734	10,19212	9,493176	9,138918	9,64637
7,98	-2,154276	2,9346027	9,464453	9,5219	8,995299
8	-2,17725504	2,101616	9,407005	9,397431	10,105948
8,02	-0,69511308	7,4537954	9,215514	9,359133	7,7314577
8,04	0,49979208	7,329326	9,215514	9,330409	5,567607
8,06	0,235534176	2,5228968	9,378282	9,177217	5,979313
8,08	-1,29256572	1,9388485	9,349558	9,2825365	5,0122824
8,1	-1,86703932	5,787822	9,349558	9,263388	4,916537
8,12	-0,545749968	6,630383	9,0814705	9,215514	5,7495236
8,14	-0,741070956	5,155901	9,29211	8,966576	5,500585
8,16	-0,97086048	4,935686	9,158067	9,272962	5,998462
8,18	-0,270002604	5,366541	8,870831	9,091045	5,4431376
8,2	-0,568728876	5,7112255	9,215514	9,158067	4,83994
8,22	-0,59170782	6,2474008	9,138918	9,129343	5,0122824
8,24	-0,235534176	7,664436	9,158067	9,014449	5,6633525
8,26	-0,63766572	9,033598	9,071896	8,9761505	6,7931504
8,28	-0,832986756	9,474028	9,234664	9,119769	8,717637
8,3	-0,7066026	9,167642	9,493176	9,052747	9,043172
8,32	-0,718092	8,621892	9,359133	9,024023	8,688913
8,34	-0,488302584	8,028269	9,378282	9,004874	9,426155
8,36	-0,534260484	6,8122997	9,225089	9,215514	10,326163
8,38	-0,82149732	5,2899446	9,100619	8,918703	10,460207
8,4	-1,01681832	4,351638	9,407005	9,062322	9,943181
8,42	-1,005328848	3,3367343	9,933606	9,148493	9,512326
8,44	-0,75256044	4,2558923	10,843189	9,655944	10,412334
8,46	0,005744736	10,603826	13,23683	9,96233	10,29744
8,48	0,29298156	19,603912	13,581514	10,393186	7,2335806
8,5	-0,718092	7,855927	13,648536	11,178299	6,4963393
8,52	-1,2810762	4,849515	15,123018	12,834699	7,654861
8,54	-0,201065772	10,010203	15,707067	13,265553	7,2240057
8,56	2,95853916	7,8655014	14,567694	12,298523	6,831449
8,58	4,4981286	8,593168	13,629387	12,509163	9,828286
8,6	2,39555496	9,5889225	12,681505	12,164479	14,64429
8,62	-0,361918404	8,679339	11,609155	12,940019	14,845356
8,64	-3,22279704	7,9803963	8,143164	10,814466	8,23891
8,66	-2,94704964	10,699572	6,285699	8,2676325	15,448553
8,68	-1,372992	11,034681	5,261221	7,501668	10,019777
8,7	0,568728876	8,124015	4,3707867	6,0750585	6,716554
8,72	0,281492076	8,746361	5,299519	5,9027166	9,464453
8,74	0,040213152	9,655944	4,993133	6,525063	11,293194
8,76	-0,25851312	9,636795	5,347392	7,0612383	9,196365
8,78	-1,07426568	9,014449	5,653778	6,4963393	8,286782
8,8	-0,947881512	9,091045	6,668681	5,519734	10,661273
8,82	0,832986756	9,234664	7,46337	5,8548436	11,178299
8,84	2,20023396	9,024023	7,7793303	6,027186	6,936769
8,86	2,6942814	8,928278	8,545295	6,2761245	6,2378263
8,88	3,02747616	8,641041	9,655944	6,6591067	8,870831
8,9	2,98151808	8,880404	10,804892	6,8027253	11,7049
8,92	2,74023912	8,957002	11,072979	6,697405	9,397431
8,94	2,4415128	8,736787	12,288948	6,821874	8,315506
8,96	2,28066024	8,9761505	11,302769	7,511243	8,822957
8,98	2,85513384	9,071896	11,140001	7,808054	10,230418
9	3,0849234	8,880404	10,479357	8,23891	9,722966
9,02	2,95853916	8,889979	9,5889225	9,359133	9,20594
9,04	3,268755	9,100619	9,64637	10,287866	9,330409
9,06	3,1883286	9,225089	8,688913	10,06765	9,29211
9,08	2,55640752	9,407005	7,310177	10,441058	9,138918
9,1	2,4415128	9,550624	7,6835847	10,977234	9,071896
9,12	2,53342872	9,732541	7,4442205	9,608071	9,091045
9,14	2,1427866	9,636795	7,0803876	8,23891	8,995299
9,16	0,476813112	8,842107	7,3771987	7,7314577	9,014449
9,18	-0,442344684	8,506997	9,943181	6,783576	8,880404
9,2	-0,82149732	8,870831	16,856014	6,639958	8,6697645
9,22	-0,178086828	11,915541	13,974071	6,611234	8,995299
9,24	0,75256044	14,893229	5,538883	6,630383	9,435729
9,26	0,25851312	14,021944	8,181462	6,678256	9,272962
9,28	0,649155168	14,002794	10,182545	7,922949	8,937852
9,3	0,68362362	13,897474	9,5889225	12,805975	9,253813
9,32	-1,958955	13,428321	10,048501	11,063405	9,952756
9,34	-2,0508708	12,9591675	10,077225	9,818711	9,98148
9,36	0,68362362	13,02619	9,560199	12,394268	9,234664
9,38	2,82066564	11,379365	9,703817	10,249567	9,483603
9,4	2,07384984	9,41658	9,550624	9,41658	10,019777
9,42	-0,442344684	6,391019	9,435729	9,761265	10,182545
9,44	-0,37340784	2,9537518	9,426155	10,651698	9,98148
9,46	0,35042892	0,6750065	9,378282	8,861256	10,431483
9,48	0,62617632	5,347392	9,368708	9,818711	12,145329
9,5	-0,98234988	6,8793216	9,320834	9,62722	13,543216
9,52	-2,79768648	4,4856815	9,454879	9,225089	13,217681
9,54	-2,56789716	1,862252	9,493176	9,3878565	15,726215
9,56	-0,764049912	3,9207826	9,234664	9,493176	15,075146
9,58	0,741070956	5,6250544	9,091045	9,320834	15,266637
9,6	0,568728876	5,1846247	9,043172	9,20594	13,313426
9,62	-1,93597608	5,5963306	9,253813	9,64637	11,015532
9,64	-2,75172876	6,1229315	9,301685	9,41658	8,248484
9,66	-0,396386796	5,998462	9,158067	9,244238	8,985725
9,68	0,78702888	5,8548436	8,937852	9,426155	8,822957
9,7	-0,832986756	5,912291	9,004874	9,512326	3,5952475
9,72	-1,60278144	6,47719	8,966576	9,31126	3,7675896
9,74	-1,33852356	7,348475	8,698488	9,225089	5,079304
9,76	-1,78661304	9,052747	8,784659	9,177217	5,021857
9,78	-1,21213932	8,794233	8,995299	9,215514	4,849515
9,8	-0,51128154	6,0080366	9,004874	9,071896	4,121848
9,82	-0,832986756	5,481436	9,024023	9,158067	3,5665238
9,84	-0,913413048	5,7016506	9,148493	9,071896	4,0931244
9,86	-0,77553942	7,2910275	9,129343	9,138918	5,079304
9,88	-1,03979724	0,7994758	8,995299	9,129343	5,806971
9,9	-1,36150248	2,666515	8,889979	9,138918	6,256975
9,92	-0,49979208	9,531475	9,024023	9,158067	6,3814445
9,94	0,08617104	17,258144	9,014449	9,20594	6,9942164
9,96	-0,361918404	9,033598	9,158067	9,31126	8,755936
9,98	-0,442344684	2,2643836	9,397431	9,407005	11,1208515
