Tempo	C1	C2	C3	C4	C5
0	3,1643922	9,31126	18,589008	9,608071	7,549541
0,02	-7,2718787	10,94851	7,511243	9,5219	8,095291
0,04	-7,4920936	13,016615	7,846352	13,763431	10,038927
0,06	-8,191036	12,154904	14,969825	15,975154	11,513409
0,08	-4,887813	9,713391	11,743198	8,181462	6,6016593
0,1	0,34947145	9,85701	7,348475	6,6591067	5,7112255
0,12	5,739949	10,661273	9,722966	8,44955	8,55487
0,14	8,258059	10,259142	10,891063	9,64637	10,536804
0,16	5,2133484	9,933606	11,015532	11,465536	10,555953
0,18	0,78032666	9,780414	10,144247	9,569773	9,512326
0,2	-4,150572	10,058076	9,904882	9,091045	9,31126
0,22	-5,8931417	10,010203	9,847435	8,909128	9,876159
0,24	-4,0548263	7,721883	9,75169	9,703817	10,479357
0,26	-0,6750065	3,690993	9,655944	10,105948	10,450633
0,28	0,6271337	1,4601204	9,828286	9,560199	9,531475
0,3	0,90479594	3,5378	9,780414	8,688913	10,019777
0,32	0,8090504	6,2665496	9,598496	9,062322	10,71872
0,34	0,8856468	14,165563	9,301685	9,071896	10,622974
0,36	1,5271424	19,603912	9,426155	9,024023	12,030436
0,38	2,0824668	15,649619	9,445304	8,957002	11,676176
0,4	1,622888	7,0803876	9,234664	9,110194	8,506997
0,42	0,2920241	7,5303917	9,29211	8,985725	5,653778
0,44	-0,5313881	7,808054	9,378282	8,947427	4,0069537
0,46	-0,5792609	11,838944	9,435729	9,004874	3,2601378
0,48	-0,359046	14,280457	9,368708	8,9761505	3,2888615
0,5	-0,023936402	12,422992	9,244238	8,784659	4,696322
0,52	0,37819514	6,525063	9,234664	8,851681	6,3622956
0,54	0,46436617	9,828286	9,20594	9,071896	16,128347
0,56	0,2154276	12,56661	9,349558	9,071896	19,603912
0,58	0	8,066567	9,531475	8,822957	8,784659
0,6	-0,2154276	7,0708127	9,349558	9,119769	3,844186
0,62	-0,15798025	9,41658	9,31126	9,225089	3,0973704
0,64	-0,11968201	9,85701	9,272962	9,368708	4,2271686
0,66	-0,110107444	9,608071	9,502751	9,483603	9,445304
0,68	-0,14840569	10,038927	9,5889225	10,278291	18,7805
0,7	-0,4835153	10,268716	9,876159	10,900637	16,214518
0,72	-1,1154363	10,077225	9,445304	12,288948	6,4484663
0,74	-0,5888355	9,952756	8,861256	14,625141	6,7261286
0,76	0,8760723	9,761265	10,125097	16,626225	9,167642
0,78	1,2686293	9,569773	12,595334	17,890066	10,450633
0,8	0,10053288	9,483603	12,681505	15,793238	12,422992
0,82	-1,7665064	9,550624	11,982562	12,403843	10,125097
0,84	-2,8388572	9,64637	14,050668	11,130426	5,998462
0,86	-2,494173	9,407005	13,4666195	10,29744	6,9080453
0,88	-1,862252	9,138918	13,705983	9,196365	10,450633
0,9	-2,3122563	9,407005	15,927281	8,947427	11,637878
0,92	-2,6090677	9,684668	15,257062	10,326163	10,172971
0,94	-1,6037389	9,54105	14,395351	6,639958	9,253813
0,96	-0,47394073	9,31126	12,8538475	1,4026731	9,148493
0,98	0,83777404	9,18679	11,9346895	4,3133397	9,129343
1	4,1601467	9,253813	13,648536	7,1474094	9,339984
1,02	5,634629	9,31126	14,787909	6,7357035	9,569773
1,04	3,2601378	9,129343	12,978316	4,648449	9,301685
1,06	1,7377827	8,899554	10,096374	3,6335456	9,033598
1,08	1,5654407	9,043172	7,2718787	4,131423	8,794233
1,1	0,043085523	9,445304	8,277207	4,2271686	8,928278
1,12	-1,4313968	9,943181	7,721883	4,236743	9,617646
1,14	-1,6037389	10,134672	5,2516465	5,49101	9,933606
1,16	0,5888355	10,2016945	5,797396	7,2527294	9,435729
1,18	2,5899186	10,307014	5,0601554	7,434646	9,071896
1,2	2,2931073	10,268716	4,3133397	7,769756	9,617646
1,22	1,4984187	10,709146	4,782493	10,460207	11,36979
1,24	-0,36862057	11,28362	4,7250457	12,260224	16,137922
1,26	-2,3697038	12,212352	4,715471	13,44747	16,26239
1,28	-3,2218397	12,997466	5,309094	14,021944	14,462374
1,3	-2,819708	13,169807	5,8644185	11,293194	15,63047
1,32	-3,6431203	12,978316	6,3527207	10,115523	18,76135
1,34	-5,3378177	13,016615	6,975067	11,858093	19,603912
1,36	-6,180379	14,041093	8,401677	9,359133	18,65603
1,38	-6,0463347	12,758101	9,876159	2,6282167	14,32833
1,4	-4,6293	12,46129	11,532558	0,7994758	10,421909
1,42	-3,2984362	10,814466	12,9591675	2,6569405	9,320834
1,44	-1,8431029	10,29744	13,323001	5,2707953	10,498506
1,46	-0,8760723	11,226172	14,146413	10,651698	11,1208515
1,48	-0,2154276	8,861256	15,046422	16,568777	7,4442205
1,5	0,8856468	4,8782387	13,02619	14,720886	5,452712
1,52	0,6271337	5,5580325	7,02294	7,281453	5,8165455
1,54	0,30159867	7,2623043	2,034594	14,357054	5,988888
1,56	-0,3398969	7,003791	-0,98139244	16,93261	6,218677
1,58	-2,168638	4,7058964	2,149489	8,21976	6,2282515
1,6	-4,6005764	3,1548176	6,37187	7,3389006	5,2133484
1,62	-3,1643922	4,466532	8,641041	7,5208173	5,2420716
1,64	-7,4537954	7,396348	19,565615	9,368708	6,8410234
1,66	-5,0601554	9,272962	9,770839	12,020861	8,401677
1,68	-1,0388398	8,152739	-0,63670826	9,004874	8,727212
1,7	3,4229054	7,741032	13,44747	8,564445	9,5219
1,72	7,1857076	8,851681	19,182632	9,8953085	11,9346895
1,74	4,993133	10,967659	8,056993	9,435729	16,214518
1,76	2,733537	11,982562	8,478273	9,6942425	14,041093
1,78	-0,512239	11,044255	10,172971	9,5889225	10,910212
1,8	-3,078221	11,216598	11,551707	9,167642	13,686834
1,82	-4,342063	12,308098	10,6134	9,253813	8,439975
1,84	-3,8154624	11,781497	10,670848	9,330409	-0,71330476
1,86	-2,015445	9,770839	10,421909	8,937852	-0,78990126
1,88	0,2441513	7,3676243	8,6697645	9,062322	3,4229054
1,9	2,714388	4,6771727	9,64637	9,119769	4,658024
1,92	3,7197168	3,2792869	10,374036	8,966576	5,8165455
1,94	3,2409887	3,212265	10,019777	8,889979	16,61665
1,96	2,800559	3,4420545	9,713391	8,966576	19,603912
1,98	2,2835326	5,194199	9,617646	9,253813	10,287866
2	1,5750152	15,956005	9,818711	8,401677	1,948423
2,02	0,8090504	18,69433	9,722966	8,401677	-0,03351096
2,04	-0,26330042	12,624058	9,41658	8,909128	5,6154795
2,06	-0,8281995	5,3186684	9,320834	9,004874	10,182545
2,08	-0,8186249	11,245321	9,3878565	8,947427	17,985811
2,1	-0,19627848	9,043172	9,062322	9,014449	18,541136
2,12	0,63670826	9,943181	9,320834	9,091045	6,5825105
2,14	0,9526688	14,443225	9,2825365	8,947427	7,4250717
2,16	0,90479594	13,849602	9,483603	8,832532	9,272962
2,18	0,9622433	10,498506	9,435729	8,985725	11,522984
2,2	1,2877784	7,243155	8,842107	9,579348	13,533641
2,22	1,5558661	10,862339	9,41658	9,598496	8,430401
2,24	1,0005416	10,642124	9,732541	10,709146	6,027186
2,26	0,00478728	7,2144313	9,129343	12,968742	7,587839
2,28	-0,16755481	7,721883	9,368708	14,299606	10,871913
2,3	0,3398969	9,799562	9,7899885	16,080475	12,3463955
2,32	0,63670826	9,722966	9,033598	16,15707	9,847435
2,34	0,4356425	9,780414	8,870831	15,563448	8,487848
2,36	0,09095833	10,441058	9,493176	13,638962	8,889979
2,38	0,26330042	10,488931	9,560199	10,259142	9,483603
2,4	0,8186249	10,211268	10,125097	9,75169	9,64637
2,42	1,14416	9,799562	11,379365	8,171887	9,320834
2,44	0,7420284	9,5219	11,743198	7,702734	8,698488
2,46	0,03351096	9,598496	10,92936	8,851681	8,181462
2,48	-0,6845811	9,655944	12,221927	6,831449	8,372953
2,5	-1,0101161	9,378282	13,093211	3,9495063	9,167642
2,52	-0,8090504	9,0814705	12,154904	4,935686	9,876159
2,54	-0,61755913	9,234664	13,840027	8,430401	12,020861
2,56	-0,8473486	9,225089	14,155988	5,7112255	17,296444
2,58	-1,1058618	9,225089	14,414501	3,7388659	16,70282
2,6	-0,8952214	9,31126	14,041093	3,8633351	16,875162
2,62	-0,5792609	9,320834	12,844273	3,9495063	15,640044
2,64	-0,6271337	9,263388	11,657027	4,2175937	17,1624
2,66	-0,56011176	9,2825365	12,288948	4,322914	15,879409
2,68	0,34947145	9,368708	12,719804	5,376116	15,170891
2,7	2,4367256	9,225089	11,034681	5,9027166	12,164479
2,72	3,2888615	9,225089	9,31126	6,6016593	8,66019
2,74	1,4984187	9,636795	8,66019	8,459125	8,516571
2,76	0,19627848	9,818711	5,7686725	9,110194	9,780414
2,78	-0,40691882	10,144247	6,678256	9,703817	7,4442205
2,8	-1,776081	10,795317	5,261221	10,182545	4,2654667
2,82	-2,254809	10,843189	5,462287	10,220843	4,1026993
2,84	-2,2452345	10,603826	4,73462	10,374036	4,6005764
2,86	0,26330042	10,996383	3,604822	10,622974	5,328243
2,88	2,149489	10,747444	4,782493	11,226172	5,941015
2,9	0,70373017	10,871913	5,49101	10,632549	7,0803876
2,92	-1,1537346	11,82937	5,232497	10,134672	7,204857
2,94	-3,604822	12,145329	5,088879	10,680422	6,47719
2,96	-5,4431376	11,791071	5,787822	7,2527294	6,1420803
2,98	-6,2474008	11,877242	6,5729356	4,169721	7,5591154
3	-6,3622956	12,442142	6,8888965	3,777164	10,689997
3,02	-6,4963393	12,604909	8,334655	5,28037	11,4272375
3,04	-7,616563	11,092129	9,636795	5,4239883	11,28362
3,06	-7,281453	10,105948	10,450633	5,7112255	11,187874
3,08	-6,218677	9,550624	11,637878	12,490014	11,905966
3,1	-4,7250457	8,937852	13,313426	19,029438	12,834699
3,12	-3,1452432	9,110194	13,744282	10,144247	11,216598
3,14	-1,4026731	8,803808	13,619812	10,29744	6,975067
3,16	0,10053288	5,5771813	13,390023	15,170891	2,6952388
3,18	1,1824582	6,0463347	11,72405	11,149575	2,580344
3,2	1,2207564	8,018694	9,445304	8,44955	4,1122737
3,22	0,8760723	7,788905	8,037844	10,383611	6,678256
3,24	0,56011176	5,7016506	6,2282515	8,191036	16,147495
3,26	1,2207564	4,0069537	3,7963133	10,919786	19,603912
3,28	0,77075213	4,96441	3,1069448	10,40276	9,531475
3,3	0,043085523	7,9899707	4,5335546	8,430401	4,926111
3,32	0,4356425	9,780414	6,218677	9,847435	4,926111
3,34	0,8664977	9,368708	6,2282515	9,569773	6,486765
3,36	2,4845984	9,665519	7,5399666	9,502751	10,910212
3,38	-7,741032	10,172971	7,9037995	9,885734	17,698574
3,4	-12,087883	10,795317	9,31126	9,29211	12,183628
3,42	-7,7314577	11,063405	19,268803	9,464453	6,285699
3,44	-1,1345854	11,034681	12,490014	9,847435	7,8367777
3,46	3,825037	11,676176	1,3452257	9,75169	9,493176
3,48	7,2527294	12,087883	10,345312	9,378282	11,618729
3,5	4,9739842	11,245321	18,416668	9,31126	12,978316
3,52	1,8526775	10,757019	9,129343	9,426155	10,06765
3,54	-0,15798025	10,82404	8,650616	9,29211	7,2240057
3,56	-1,8335283	10,220843	9,952756	9,378282	8,104865
3,58	-2,580344	8,44955	12,604909	9,531475	10,105948
3,6	-3,7484405	5,8165455	11,771922	9,722966	11,417664
3,62	-2,494173	3,020774	6,438892	9,3878565	10,517654
3,64	-1,1154363	3,039923	9,445304	8,966576	9,177217
3,66	-0,36862057	5,0314317	10,594251	9,129343	8,813383
3,68	0,28244954	5,8644185	10,603826	9,253813	9,426155
3,7	0,7994758	6,2474008	9,512326	9,215514	10,058076
3,72	1,4313968	6,869747	9,75169	9,024023	9,85701
3,74	2,1590633	16,137922	8,822957	9,31126	9,110194
3,76	2,2356598	17,851768	9,684668	9,129343	8,784659
3,78	1,4026731	9,924032	10,058076	9,225089	9,014449
3,8	0,3877697	6,0080366	9,665519	9,024023	9,29211
3,82	-0,2441513	11,561282	9,158067	8,794233	10,134672
3,84	-0,64628285	10,412334	9,119769	8,794233	10,498506
3,86	-0,8760723	10,316589	9,483603	8,909128	9,464453
3,88	-0,8856468	11,532558	9,924032	9,043172	9,272962
3,9	-0,46436617	14,452799	9,435729	9,598496	10,814466
3,92	0,25372586	11,570856	9,732541	10,421909	12,221927
3,94	0,8760723	8,794233	9,655944	10,29744	14,87408
3,96	1,0867126	8,7750845	9,770839	10,546378	17,899641
3,98	0,77075213	10,077225	9,502751	11,245321	17,401764
4	0,16755481	10,441058	9,368708	11,149575	15,860259
4,02	-0,26330042	9,866585	9,6942425	11,475111	13,954922
4,04	-0,36862057	9,196365	10,239992	12,317672	9,703817
4,06	-0,665432	8,688913	9,483603	12,46129	6,486765
4,08	-1,1824582	8,641041	9,253813	11,858093	4,9835587
4,1	-1,2590547	9,474028	9,617646	10,996383	6,4484663
4,12	-0,93351966	10,737869	9,29211	9,18679	6,9176197
4,14	-0,2154276	10,82404	9,167642	8,028269	4,3803616
4,16	0,4164934	10,105948	10,029352	7,35805	3,844186
4,18	1,3165021	9,8953085	8,200611	6,6878304	5,49101
4,2	1,2303311	10,058076	7,9420977	6,6878304	7,5974135
4,22	0,023936402	9,885734	9,215514	6,4293175	9,464453
4,24	-1,3643749	9,397431	9,426155	7,616563	7,9420977
4,26	-2,6569405	9,129343	8,506997	7,2144313	12,710229
4,28	-2,9633265	9,119769	9,119769	6,0080366	9,75169
4,3	-2,7909844	9,272962	9,684668	7,137835	10,680422
4,32	-2,8771553	9,617646	10,153821	6,6016593	8,095291
4,34	-3,0686467	9,7899885	9,742115	5,806971	7,7506065
4,36	-3,518651	9,780414	9,512326	6,1899533	10,115523
4,38	-3,5856729	9,655944	9,033598	6,47719	8,23891
4,4	-2,1590633	9,5219	7,6261373	6,486765	2,561195
4,42	1,4218222	9,493176	7,089962	7,2718787	6,2474008
4,44	3,7388659	9,502751	6,7357035	7,9037995	6,0846334
4,46	4,772918	9,426155	6,47719	7,9899707	12,758101
4,48	4,658024	9,196365	6,8601727	8,248484	19,603912
4,5	3,9495063	9,18679	8,6697645	8,918703	11,293194
4,52	3,5282254	9,378282	9,033598	9,100619	5,2133484
4,54	1,9675722	9,579348	8,104865	9,301685	6,7548523
4,56	0,47394073	9,770839	9,655944	9,502751	10,364462
4,58	1,2303311	9,75169	11,59958	9,043172	14,337904
4,6	2,6856642	10,06765	11,331492	8,095291	11,408089
4,62	3,7675896	10,584677	10,431483	7,5303917	8,1623125
4,64	3,078221	10,843189	10,441058	7,5591154	8,34423
4,66	1,6420372	11,207023	10,383611	7,5782647	9,138918
4,68	0,77075213	11,293194	9,742115	6,869747	9,8953085
4,7	0,7324539	11,034681	10,134672	5,988888	10,06765
4,72	1,8431029	11,063405	10,670848	6,4484663	10,096374
4,74	2,427151	11,379365	9,684668	4,284616	9,320834
4,76	2,5707695	11,312344	9,20594	13,495343	8,889979
4,78	2,9537518	10,469782	10,000628	18,387943	9,3878565
4,8	4,169721	9,435729	8,593168	6,716554	10,019777
4,82	5,49101	8,487848	8,2676325	8,037844	9,5889225
4,84	5,634629	7,9803963	8,2676325	8,794233	9,138918
4,86	4,658024	8,124015	8,411251	8,621892	9,397431
4,88	3,6431203	8,717637	8,277207	9,85701	9,665519
4,9	3,7005677	9,091045	8,334655	10,278291	9,85701
4,92	3,499502	8,305931	8,803808	9,225089	10,096374
4,94	2,0920415	6,170804	9,100619	9,253813	9,828286
4,96	0,4835153	4,0739756	9,071896	9,847435	9,502751
4,98	-0,5888355	3,7388659	9,158067	9,330409	9,454879
5	-0,7420284	3,5378	8,870831	8,602742	9,780414
5,02	-0,30159867	5,155901	8,985725	9,148493	10,527229
5,04	0,09095833	7,3006024	9,435729	9,6942425	13,112361
5,06	0,0718092	7,8846507	9,876159	9,41658	14,136839
5,08	-0,39734426	6,6591067	9,933606	9,196365	12,518738
5,1	-0,5313881	5,672927	10,94851	9,014449	12,67193
5,12	0,6271337	6,0750585	12,0400095	9,349558	11,905966
5,14	1,7569319	7,396348	12,231501	9,330409	9,713391
5,16	-0,8281995	8,7750845	12,442142	9,062322	8,1623125
5,18	-6,678256	9,636795	11,915541	9,177217	7,664436
5,2	-8,296356	9,885734	11,312344	9,550624	7,396348
5,22	-9,0814705	10,421909	11,101703	9,397431	7,1186857
5,24	-11,254896	10,71872	9,742115	9,014449	8,018694
5,26	-10,163396	10,058076	8,842107	8,880404	7,4920936
5,28	-3,1069448	10,096374	8,44955	9,158067	7,9803963
5,3	3,518651	10,622974	7,3676243	9,196365	10,986808
5,32	1,6611862	11,025106	6,783576	9,253813	8,583593
5,34	-4,351638	11,025106	7,9325233	9,18679	4,045252
5,36	-3,2505634	10,603826	6,6591067	9,071896	5,5484576
5,38	-1,2782038	10,172971	7,3197513	8,985725	10,0868
5,4	1,5654407	9,761265	7,3867736	9,29211	11,36979
5,42	0,03351096	9,512326	7,664436	9,29211	7,511243
5,44	-0,27287498	9,234664	7,8846507	9,301685	4,8207912
5,46	0,50266445	8,736787	8,411251	9,426155	4,322914
5,48	0,8760723	7,2335806	9,119769	9,732541	4,0356774
5,5	0,043085523	4,648449	9,397431	9,904882	8,995299
5,52	-1,3930986	3,9782298	9,7899885	9,617646	16,74112
5,54	-3,231414	5,155901	10,220843	10,689997	14,376203
5,56	-3,9207826	6,525063	10,670848	9,799562	5,950589
5,58	-2,3314054	8,315506	11,465536	10,5080805	4,8207912
5,6	-0,4164934	13,255979	10,584677	11,743198	6,7357035
5,62	0,3877697	12,470865	9,761265	12,116607	13,217681
5,64	0,4164934	7,8846507	10,2016945	10,938935	15,381532
5,66	0,15798025	6,5729356	10,153821	12,279374	9,234664
5,68	0,27287498	7,434646	9,41658	11,82937	6,831449
5,7	0,47394073	11,446387	8,487848	11,168725	8,736787
5,72	0,2154276	11,072979	6,697405	10,680422	11,72405
5,74	-0,36862057	8,535721	5,605905	10,125097	11,044255
5,76	-0,78032666	9,158067	5,979313	9,579348	8,679339
5,78	-0,59841	10,182545	5,2707953	9,608071	7,788905
5,8	-0,22500217	9,397431	6,630383	9,052747	8,459125
5,82	-0,15798025	8,708063	14,816632	9,435729	10,144247
5,84	-0,59841	9,148493	12,987891	8,822957	11,379365
5,86	-1,0675635	9,818711	5,797396	8,621892	10,345312
5,88	-1,5271424	9,780414	8,698488	7,7506065	8,755936
5,9	-1,5367169	9,5889225	12,451715	6,8027253	8,765511
5,92	-0,83777404	9,722966	10,383611	7,2718787	10,259142
5,94	-0,14840569	9,933606	9,847435	8,621892	12,25065
5,96	0,12925656	9,952756	10,374036	7,846352	12,604909
5,98	0,03351096	9,924032	8,181462	6,4484663	13,868751
6	-0,2441513	9,234664	8,516571	7,4154973	16,329412
6,02	-0,512239	8,564445	10,06765	8,23891	16,013453
6,04	-0,92394507	8,928278	10,048501	8,727212	13,753856
6,06	-1,1728836	9,54105	9,732541	8,918703	12,221927
6,08	-1,1250108	9,445304	10,058076	8,842107	11,858093
6,1	-0,5218136	9,368708	9,885734	9,014449	12,643207
6,12	0,17712937	9,598496	9,138918	9,828286	11,05383
6,14	0,6845811	9,445304	9,454879	10,766593	8,755936
6,16	0,18670394	9,234664	9,6942425	11,484685	10,048501
6,18	-0,6079846	9,253813	9,091045	11,867668	13,562365
6,2	-1,0867126	9,320834	9,014449	11,953838	8,095291
6,22	-1,0484143	9,426155	9,263388	11,417664	1,4409714
6,24	-0,9718179	9,397431	9,407005	9,732541	5,912291
6,26	-0,98139244	9,129343	9,31126	7,0133657	7,769756
6,28	-1,2016073	8,842107	9,091045	3,4133308	9,445304
6,3	-1,79523	9,071896	9,158067	2,1399143	10,460207
6,32	-1,9005502	9,6942425	9,272962	2,733537	9,971905
6,34	-1,4792696	9,780414	9,502751	5,634629	10,316589
6,36	-2,0728924	9,493176	9,54105	8,047418	11,800646
6,38	-3,1548176	9,378282	9,407005	17,334742	11,877242
6,4	-3,604822	9,225089	9,502751	14,682589	10,785743
6,42	-1,709059	9,253813	9,368708	10,421909	10,431483
6,44	0,23457673	9,435729	9,20594	14,424075	10,689997
6,46	1,4505459	9,330409	9,234664	12,422992	9,809137
6,48	2,3697038	9,18679	9,158067	8,315506	7,0803876
6,5	2,9154537	9,129343	9,215514	7,549541	5,7112255
6,52	2,7622607	9,110194	9,244238	10,029352	5,28037
6,54	2,4175766	9,234664	9,148493	9,7899885	4,849515
6,56	1,6899099	9,29211	9,493176	10,642124	4,543129
6,58	2,561195	9,2825365	9,263388	10,565528	5,6250544
6,6	5,998462	9,263388	9,062322	9,004874	8,430401
6,62	8,44955	9,234664	9,608071	9,004874	17,727299
6,64	6,9271946	9,196365	10,058076	9,464453	18,44539
6,66	4,016528	9,253813	9,665519	9,560199	10,383611
6,68	1,2303311	9,234664	9,722966	9,454879	18,273048
6,7	-1,2782038	9,091045	10,843189	9,579348	8,66019
6,72	-1,8048047	9,119769	13,083637	9,320834	-2,4558747
6,74	-0,8281995	9,244238	12,5474615	8,966576	5,021857
6,76	0,6079846	9,253813	11,944264	9,378282	11,49426
6,78	1,6516117	9,0814705	13,629387	9,158067	19,09646
6,8	3,4420545	9,052747	13,571939	9,320834	14,893229
6,82	5,4048395	9,177217	14,242159	9,033598	4,121848
6,84	5,299519	9,234664	15,956005	9,177217	7,8272033
6,86	4,2941904	9,196365	16,118773	9,2825365	11,561282
6,88	1,8909757	9,0814705	13,725132	9,349558	12,987891
6,9	-1,5175679	9,062322	11,848518	9,215514	10,546378
6,92	-2,9633265	9,29211	12,911295	8,870831	7,3771987
6,94	-3,7005677	9,483603	12,557036	9,062322	7,741032
6,96	-2,714388	9,560199	11,245321	8,918703	9,636795
6,98	-2,3026817	9,713391	8,583593	8,937852	10,776168
7	-1,9196993	9,96233	8,832532	8,870831	10,575102
7,02	-0,3398969	10,421909	4,5910015	8,937852	9,684668
7,04	1,0579889	10,776168	6,065484	8,889979	8,842107
7,06	0,98139244	10,469782	4,648449	9,177217	8,641041
7,08	-3,346309	10,316589	5,309094	9,119769	9,5219
7,1	-9,378282	10,393186	3,844186	8,746361	10,345312
7,12	-6,764427	10,153821	4,2558923	8,9761505	9,5889225
7,14	-5,806971	9,914457	5,7208	9,062322	8,765511
7,16	-1,79523	9,742115	5,500585	9,3878565	8,794233
7,18	1,383524	9,866585	5,309094	9,809137	9,3878565
7,2	1,948423	9,924032	6,1612296	11,05383	9,885734
7,22	3,8154624	9,85701	6,5346375	12,260224	9,914457
7,24	3,6335456	9,18679	7,0133657	14,30918	9,368708
7,26	0,11968201	8,870831	7,8272033	14,797483	9,091045
7,28	-3,5282254	8,832532	8,478273	15,745364	9,330409
7,3	-4,5144053	8,459125	9,483603	14,175137	9,234664
7,32	-2,4654493	8,056993	10,527229	12,001712	9,024023
7,34	-0,78990126	7,5591154	11,350641	10,412334	9,320834
7,36	-0,19627848	8,353804	12,049584	9,20594	12,068733
7,38	0,11968201	10,230418	12,308098	9,407005	16,693247
7,4	0,59841	9,474028	12,126181	8,55487	15,324084
7,42	1,3643749	9,397431	12,56661	8,037844	14,357054
7,44	1,2494801	8,181462	11,49426	9,378282	14,567694
7,46	-0,062234644	8,076141	10,29744	6,170804	17,545382
7,48	-1,2303311	8,832532	8,765511	6,170804	17,009207
7,5	-0,8760723	9,732541	4,9739842	7,9708214	16,291115
7,52	0,3398969	9,722966	1,8718265	7,204857	16,080475
7,54	0,9622433	8,679339	3,5282254	5,634629	12,987891
7,56	0,6558574	8,21976	5,787822	5,8548436	9,636795
7,58	0,043085523	8,870831	5,653778	6,2761245	9,339984
7,6	-0,11968201	9,5219	6,170804	5,960164	11,618729
7,62	0,081383765	9,675094	13,074062	6,132506	10,105948
7,64	0,2441513	10,134672	19,603912	6,6591067	6,6208086
7,66	-0,05266008	10,910212	2,3026817	7,0133657	6,2378263
7,68	-0,22500217	11,561282	-0,34947145	7,7793303	7,0133657
7,7	0,00478728	11,341067	17,104952	8,401677	7,1186857
7,72	0,11968201	10,71872	16,578352	8,44955	7,137835
7,74	0,14840569	10,94851	5,452712	9,75169	8,037844
7,76	0,37819514	10,479357	6,525063	11,226172	8,363379
7,78	0,6750065	9,713391	10,345312	11,475111	7,1665583
7,8	0,76117754	8,995299	11,398514	12,059159	7,7506065
7,82	0,50266445	7,7984796	11,245321	12,767676	9,378282
7,84	-0,00478728	5,739949	10,565528	13,0549135	9,75169
7,86	-0,45479164	3,518651	9,914457	13,217681	10,450633
7,88	-0,22500217	3,5569491	9,933606	8,851681	12,920869
7,9	0,2920241	5,9697385	9,732541	4,2175937	15,649619
7,92	0,54096264	7,4154973	10,000628	2,4845984	14,404926
7,94	0,56968635	12,863422	9,454879	2,7239625	12,202777
7,96	0,49308985	16,817715	9,722966	5,021857	10,153821
7,98	0,56011176	15,525149	9,41658	5,28037	8,420826
8	0,63670826	10,134672	9,359133	11,752773	3,2888615
8,02	0,6558574	7,5591154	9,359133	18,847523	0,69415563
8,04	0,36862057	9,54105	9,29211	10,345312	2,475024
8,06	0,2920241	10,527229	9,464453	11,781497	4,3803616
8,08	0,12925656	11,82937	9,349558	13,437896	5,998462
8,1	-0,081383765	12,968742	9,493176	9,31126	17,487934
8,12	-0,359046	9,722966	9,397431	7,1091113	19,335825
8,14	-0,751603	8,21976	9,454879	8,631466	9,052747
8,16	-1,1250108	12,030436	9,837861	10,278291	4,2558923
8,18	-1,3643749	12,212352	9,368708	9,924032	2,0250196
8,2	-1,4409714	6,630383	9,2825365	10,393186	5,8165455
8,22	-1,3356512	5,605905	9,407005	9,62722	9,454879
8,24	-0,8090504	8,143164	9,474028	9,215514	18,502838
8,26	-0,023936402	9,234664	9,617646	9,052747	18,751776
8,28	0,4164934	10,441058	9,6942425	8,899554	5,414414
8,3	0,512239	11,647452	9,62722	9,493176	6,3431463
8,32	1,0196906	10,938935	9,225089	9,885734	8,842107
8,34	1,1250108	9,770839	8,794233	9,3878565	10,383611
8,36	0,8473486	9,75169	9,368708	9,129343	14,797483
8,38	0,71330476	9,96233	9,29211	9,20594	10,383611
8,4	0,33032233	9,837861	9,904882	9,138918	5,653778
8,42	0,18670394	9,722966	10,441058	9,014449	6,486765
8,44	-0,4356425	9,579348	11,953838	9,119769	8,679339
8,46	-2,1782124	9,129343	14,87408	9,177217	11,609155
8,48	-3,1356685	8,822957	13,543216	8,832532	12,767676
8,5	-2,427151	8,803808	13,734707	8,727212	9,64637
8,52	-1,2686293	9,091045	15,601747	8,870831	7,894225
8,54	-0,7324539	9,770839	15,821961	9,014449	8,4686985
8,56	-0,9430942	10,019777	17,03793	9,024023	9,675094
8,58	-2,0441687	9,62722	15,381532	8,880404	10,689997
8,6	-3,6622694	9,445304	13,514492	8,899554	10,010203
8,62	-5,28037	9,531475	12,116607	9,062322	8,717637
8,64	-7,3197513	9,378282	13,543216	9,062322	8,21976
8,66	-9,062322	9,263388	12,221927	8,966576	8,937852
8,68	-9,349558	9,368708	10,71872	9,004874	10,172971
8,7	-8,181462	9,196365	6,936769	8,870831	10,469782
8,72	-6,592085	9,014449	5,529309	8,803808	9,368708
8,74	-5,538883	9,378282	7,511243	8,995299	8,4686985
8,76	-4,715471	9,904882	5,261221	9,2825365	8,478273
8,78	-3,039923	10,038927	4,581427	9,426155	9,177217
8,8	-0,8760723	10,460207	5,481436	10,29744	10,029352
8,82	0,751603	10,776168	5,1271772	11,417664	12,834699
8,84	1,0579889	11,044255	6,027186	12,097457	15,927281
8,86	0,14840569	10,6134	6,2282515	13,830453	16,042175
8,88	-1,14416	10,421909	5,7782474	14,931527	15,573023
8,9	-1,9388485	10,852764	6,151655	14,787909	15,831535
8,92	-2,0633178	11,331492	6,5825105	13,638962	16,291115
8,94	-0,98139244	11,762347	7,3771987	11,905966	15,592172
8,96	0,5888355	12,193203	8,104865	10,326163	14,759185
8,98	2,2739582	12,738953	8,803808	9,091045	13,600663
9	3,3750327	12,710229	10,239992	7,7601814	9,828286
9,02	5,414414	12,2410755	12,145329	8,889979	7,693159
9,04	5,979313	10,689997	14,069817	7,9803963	7,875076
9,06	3,3367343	9,6942425	15,936856	9,378282	9,196365
9,08	0,30159867	8,909128	16,19537	7,1186857	7,042089
9,1	-0,6558574	8,085716	12,442142	4,121848	4,3995104
9,12	-0,11968201	8,411251	4,4186597	6,3527207	4,7537694
9,14	1,1154363	9,655944	3,9495063	8,755936	5,079304
9,16	1,1920328	7,3676243	2,8580062	7,3771987	4,5527034
9,18	-0,14840569	6,410168	2,8963046	5,2133484	5,222923
9,2	-1,4792696	7,7601814	3,1835413	5,6154795	7,5974135
9,22	-1,1345854	8,334655	5,653778	5,912291	8,937852
9,24	-0,2441513	7,6261373	15,247487	5,462287	7,693159
9,26	0,54096264	6,151655	18,397518	5,739949	6,6208086
9,28	1,3260766	5,644203	3,9207826	6,697405	6,783576
9,3	1,8718265	6,47719	13,035764	7,654861	9,158067
9,32	2,1303396	7,664436	14,09854	7,788905	11,867668
9,34	1,9867213	8,133589	7,7984796	8,171887	12,56661
9,36	1,4601204	8,286782	11,666602	9,952756	12,174053
9,38	0,7324539	8,851681	11,513409	10,958084	11,7336235
9,4	0,09095833	9,904882	10,182545	11,666602	12,46129
9,42	0,25372586	10,479357	7,35805	12,729378	12,260224
9,44	0,77075213	9,799562	11,7336235	12,202777	9,75169
9,46	0,91437054	9,770839	8,899554	10,891063	8,439975
9,48	0,8186249	11,321918	10,833615	12,001712	7,6261373
9,5	1,3165021	11,9346895	10,19212	9,378282	5,586756
9,52	2,2643836	12,2410755	9,770839	4,284616	3,1452432
9,54	2,4654493	11,915541	9,397431	2,2165108	3,997379
9,56	1,7473572	10,737869	10,000628	2,666515	5,6154795
9,58	0,90479594	8,535721	9,62722	6,256975	7,635712
9,6	0,47394073	4,2080193	9,799562	6,170804	11,245321
9,62	0,33032233	0,751603	9,407005	15,103869	13,782579
9,64	0,19627848	2,4463003	9,64637	15,343233	17,009207
9,66	0,05266008	5,653778	10,000628	11,05383	19,603912
9,68	0,2154276	8,248484	9,569773	13,524067	18,273048
9,7	0,6271337	17,449636	9,378282	12,6527815	9,924032
9,72	0,7420284	17,574106	9,684668	8,1623125	-1,9388485
9,74	0,4356425	13,294277	9,464453	8,497422	2,9920502
9,76	0,6271337	7,3006024	9,18679	9,502751	7,56869
9,78	1,3260766	10,804892	9,454879	10,354887	13,543216
9,8	1,4601204	9,876159	9,5889225	9,550624	17,823044
9,82	0,9622433	9,98148	9,502751	9,7899885	10,326163
9,84	0,512239	12,834699	9,359133	10,2016945	7,693159
9,86	0,14840569	12,738953	9,0814705	9,244238	8,784659
9,88	-0,09095833	8,727212	9,29211	8,803808	8,813383
9,9	0,11968201	9,397431	9,713391	10,06765	10,82404
9,92	0,110107444	11,618729	10,441058	10,2016945	10,670848
9,94	-0,014361841	8,526146	12,087883	9,378282	9,129343
9,96	0,00478728	6,0367603	15,563448	9,62722	8,564445
9,98	0,32074776	7,8272033	18,809223	9,62722	9,158067
